6524
3557
2032
5589
3147
8336
2602
7354
5264
2479
9352
7984
7848
3191
9496
9649
5009
9297
5073
5678
8117
6232
2984
7706
1797
1825
3466
3289
7094
4066
5664
4661
4020
5700
6472
8655
221
8210
2814
6370
8536
9483
8162
8669
3882
5322
1227
205
9062
4834
8476
386
9852
3688
2438
4371
2048
7254
4570
1028
7014
7716
4899
7636
7723
5393
592
3020
4285
4700
2178
1833
6511
9462
9197
2691
1198
616
6754
2042
3511
1723
636
3773
5077
4191
1473
1819
6237
4585
7728
9336
6266
1028
3244
3359
3316
4307
7536
8278
5343
2016
6031
4980
4331
823
3082
5016
8771
2811
2729
805
3516
6683
893
3511
1927
3627
7982
27
2485
628
2732
9240
967
1094
6514
5643
9706
3813
2303
5285
7447
6463
4050
5029
6898
9163
276
1127
2176
6880
391
7257
5064
6899
3433
5316
7223
9028
6720
4519
5337
1716
6268
5630
7532
6852
1696
7550
2352
9640
5857
2856
6093
7668
3426
7433
326
5056
3311
6835
9109
3372
6865
8663
4546
934
7650
5897
108
6044
8733
862
3467
7736
399
3320
4439
9676
4503
9016
9099
9033
1738
6949
8110
2299
4540
4628
5898
4336
1526
598
7400
5261
8961
2664
840
2133
1009
8385
8196
8916
3280
1675
9881
8663
3548
5615
6500
6474
9417
6979
8503
416
5176
2357
4057
283
9134
9288
6523
880
8304
8334
5534
7290
9471
3652
9889
4534
4406
281
6211
2941
2253
6125
4628
3596
3992
5375
1627
5286
2241
8008
663
5542
4698
6897
3110
3533
986
76
5687
1890
808
736
5664
7817
5972
1652
1783
1272
29
3892
7132
9448
7110
1933
9997
2288
5841
8579
97
3377
5149
3426
555
4157
6245
8099
459
7160
9084
9895
8912
5678
2220
3085
9136
3162
2122
3694
337
5494
1722
9268
5833
3264
8290
9875
8229
9180
7530
388
6324
7831
4233
6940
3855
1158
9777
2397
7198
3202
3299
6643
7707
1949
6473
7565
4499
4451
1458
7693
5173
3760
7842
9646
5226
2690
7139
780
1718
9935
2800
3713
3126
8652
9551
4767
5275
6249
8389
6815
2720
6838
2562
6460
6028
4581
5489
8079
8027
6963
3698
8825
6298
1957
6623
9388
4907
1967
337
5039
5718
471
4188
276
8487
4356
7678
8260
9388
6099
9920
3160
9608
5116
5533
9484
9228
6915
8916
7559
6737
1975
3535
8402
1189
3703
4037
4419
2294
6251
6820
4602
3546
8492
9014
4177
4833
67
6753
9036
3965
9003
1067
4710
1026
8166
3777
8103
5517
9529
6366
7788
3903
1106
1942
5253
4363
1258
4157
5166
6273
9079
7202
7480
4292
7527
7865
7957
792
8113
4030
6605
5797
2037
3991
5405
616
2924
7439
7705
9911
532
2147
1708
7076
3167
9966
9598
9470
8931
2015
2002
3337
2342
5702
4750
3017
3455
5579
1162
5468
1122
5925
8491
9032
721
5435
1532
4885
9357
3417
9928
695
8335
2503
8235
8602
3504
5028
9426
3863
8987
8964
3180
6232
8758
4564
53
3462
3545
4739
1410
5203
7619
564
2867
5999
1169
8330
5920
8104
9174
6035
8419
8371
6946
5348
9578
8637
5843
9723
9371
5682
59
542
5274
5099
6839
986
1600
3256
7987
1651
7952
2848
118
2835
3673
544
4756
5910
4626
9693
7057
217
7077
7115
3745
2505
1048
669
6636
3117
2091
3433
8052
6830
6122
1116
8363
6539
6672
1615
3922
4837
7738
9529
5722
1933
8252
3857
5271
8320
6126
4121
4375
7163
814
8736
9772
4439
3376
9531
1909
4549
2142
8072
9552
5317
260
2637
8346
9091
8621
9550
1983
6016
3984
8917
9214
1413
7470
2800
8576
1730
3003
3294
5407
2519
8799
9125
2505
7496
7526
1921
6604
9926
2358
7578
7738
6257
6865
3843
7510
7238
6372
2572
5318
3594
7232
3993
8659
1735
8346
741
4767
9946
6137
1449
6062
7055
216
7215
1149
3638
2011
9419
6430
523
2725
4039
786
534
195
5876
7256
7216
6428
5900
1133
8648
8917
6314
3494
5315
9180
883
2827
8520
1396
2546
5100
9835
2510
6433
4417
2679
2704
4004
2202
4285
1761
3229
2778
21
2524
487
7135
2336
7369
2159
4717
3415
7431
7787
5125
4074
7175
2093
7789
1362
8824
161
7855
3895
2146
8657
811
7024
5156
6075
6692
9619
391
6692
7111
443
9588
6176
4817
4900
6855
1591
5983
2274
6687
4929
25
9484
8571
7232
391
9851
4329
9879
2451
4411
7854
670
1409
8901
9410
4963
3972
1702
8323
6314
2405
6737
8516
6835
8561
629
1126
4759
8493
5238
7185
5640
5328
5122
1266
3986
9238
4447
3878
4186
8526
9379
6387
3115
5144
101
7313
1951
1261
1270
2927
1414
912
914
8280
2892
2189
5587
7009
7752
998
3935
9574
8469
6925
1712
9947
8197
5456
8803
178
9861
8452
2785
769
1950
6590
4213
2333
5795
3271
5926
614
8313
9422
2420
2626
4952
2555
5602
6413
9886
1468
98
719
4380
58
4682
3714
9691
9851
6374
1872
7871
1057
280
1047
2405
6248
1359
1872
736
9051
3932
706
2423
2674
998
5515
9940
9513
8190
3338
3917
3625
6549
2263
1022
2420
4204
6209
608
2570
9530
5228
5759
7842
7355
7546
5435
3320
5434
2082
7021
1333
510
1820
2822
9262
2048
9065
9743
8393
6983
3370
8738
5978
687
1695
9494
9745
7751
8241
6234
5258
1167
8324
2544
1706
11
6618
6674
1004
3837
5177
3919
8380
6643
740
9337
43
4490
3990
2355
4967
8649
5690
4590
3354
474
5909
3615
3910
5140
2916
8331
5713
8820
7743
6104
8163
7938
8894
7895
4266
9713
9249
5241
8329
371
3799
2121
9049
1125
2539
5516
2923
2316
7570
763
934
2920
7273
1690
3524
6082
3260
964
5048
1270
7758
3076
9067
185
40
960
133
6686
584
7354
6038
590
750
3735
6889
1494
3932
2858
3834
1497
1379
5805
784
5070
2193
780
7030
235
2350
8835
7349
7659
2025
1247
8827
3335
4003
4275
468
6094
8473
9702
2432
3353
1148
3728
6663
7243
2305
2543
9629
8514
4081
224
886
7492
2176
3465
8297
9746
5937
8111
1831
9101
7768
4444
3134
2179
8766
1751
7260
6729
2529
7821
6347
667
3224
5717
2367
9980
7146
8413
7562
1421
9243
1693
6679
262
7394
7116
4714
4306
7576
9754
7498
2792
2475
9930
176
2890
4602
4252
401
7072
2501
8857
8878
1792
5264
6968
9802
1643
6237
3624
7687
3427
1529
2756
5083
1448
2750
5661
7793
8695
6252
5352
300
8622
3080
8292
4363
8696
4821
3554
7974
28
587
9586
222
7041
9483
473
9982
7352
1091
6795
2825
4824
3711
1036
1039
8101
6442
3851
6256
2832
6506
5447
2792
8288
7658
5841
2545
8055
9026
8800
9036
163
6250
6929
9029
4077
8406
9534
5044
781
4890
649
1035
7405
6161
1935
6537
9737
1028
4031
1636
4325
1065
370
6293
6900
9613
9496
2734
5329
8865
5453
8896
3442
3534
969
4239
6713
3740
4839
6651
2008
2931
3151
588
1392
8862
3841
2155
4327
6989
5404
6372
3517
5963
3564
5542
7098
4365
4183
5326
3954
6280
6753
6905
9462
874
472
9437
6211
7757
4046
6907
7887
5558
1159
7433
4857
5905
5834
1086
6782
8793
5801
4403
1037
8176
7421
5857
5664
8545
2724
6816
2120
4259
7673
6734
6193
3413
902
9691
5079
7165
3862
1762
4902
3606
6560
5170
5649
2491
7892
5676
9936
3464
5948
4264
7849
5741
1606
2796
2625
1676
8231
6028
941
93
1369
9162
7208
7818
4937
904
3375
9489
4620
6918
4531
6338
4913
7521
5814
4435
3591
6454
8037
1639
6233
4686
7801
388
3892
4309
2874
372
8999
2825
5128
1122
8141
7353
1425
9592
5492
1654
7497
1946
7363
6242
1107
1888
6596
3302
8524
167
5318
3669
2733
1140
5973
2684
2671
2666
3487
5405
276
5021
5898
9341
6166
2990
6887
4645
5342
2890
1230
7545
1491
2823
3423
2669
2181
196
445
3890
7495
5233
1968
1318
1555
3033
5185
4158
9719
9570
6865
5300
4282
8974
2264
3691
7986
398
9053
4831
7771
2831
4585
8048
844
5354
6500
1615
1379
8451
9896
3197
8915
9300
9155
3684
8905
195
8848
6990
1734
4665
6098
7085
9036
241
6296
6199
5138
351
5095
4940
7076
317
2278
5852
8785
4094
7243
6882
3769
9026
1630
138
5866
5652
1914
4366
9544
8380
3676
6635
9585
717
9683
9876
4992
5673
5942
8117
3466
7916
3429
525
910
9341
8330
8703
5082
3800
329
9067
3718
9924
6714
3605
5249
3200
9908
7814
4575
9778
7383
4218
7266
4820
5872
3477
3021
7656
6298
2842
3283
4470
1890
3442
8451
6808
9588
3756
7345
808
4044
6472
5254
7712
4244
9934
7204
977
5130
3361
9934
9084
449
7133
9449
6018
8506
5540
1025
3299
9498
9643
5042
8454
1683
2135
5136
4847
3737
4417
4821
6906
2366
8509
4930
2962
7489
2878
7042
5142
2113
1759
7371
2063
392
2136
1531
5438
5340
1215
3046
6123
7104
9877
7511
8624
3842
4419
9900
5622
9816
9689
4691
5713
9537
1610
7181
8193
2531
6080
9659
8486
628
4206
7939
6611
8532
940
2181
8912
8878
5317
880
252
5003
5710
8450
9802
8181
2763
4913
8653
1241
6019
876
1559
7151
7635
2191
8305
9408
8037
6468
2428
899
3887
7982
6321
9257
8312
8393
2109
9699
6980
8186
7100
797
1342
7779
1129
4753
2073
7813
623
1320
1645
5330
855
3732
4782
6247
3524
5759
9577
4816
1519
1296
2
7618
6550
1798
2669
3030
8155
2289
6816
7099
4563
3696
6721
3256
6820
7804
9977
6445
7701
1269
3436
1839
5978
6812
991
4608
4838
2965
3827
9916
447
8552
4300
1728
2978
4487
9172
4878
7769
3372
6572
7338
8707
6912
3769
8649
9409
2225
9604
6096
348
731
6245
2323
1642
7512
9856
6860
1939
4789
8683
9260
3533
459
114
3439
2677
1533
5326
1191
1882
2737
1290
7824
7958
2548
5102
4412
5507
2513
4872
9232
637
795
4750
5633
3777
7624
9032
4783
3659
8524
1784
9554
6741
1078
3892
116
7675
2284
9068
2739
6766
6572
3964
784
9791
8995
5246
854
4052
4218
8269
7735
2065
9512
7800
8848
907
9186
1143
2706
913
8632
7979
6135
2170
8442
9232
1841
1018
2997
9372
1362
1665
3290
2700
8366
9919
822
4366
3821
7059
7908
1137
7638
1870
9910
5263
1077
8024
6571
7189
375
2136
2886
9298
4895
5065
4763
3414
2405
5337
1103
9336
13
8917
1863
371
1752
3986
1168
4479
2859
2877
5614
6452
6361
5842
518
7370
9757
2970
1058
2456
8307
1225
1015
7427
6708
3315
9134
6433
2794
3911
1981
1784
5312
6582
2649
6779
2765
1750
6636
8178
1900
1934
9794
4112
2449
5639
8378
6561
9451
5309
7915
4926
5660
7975
5845
8674
4352
9453
2737
2536
7171
4230
8217
7359
2589
3574
724
3309
7983
3778
4687
9854
2425
4995
4780
8717
7808
8602
4565
1830
3147
7704
5983
6180
587
1021
6943
1439
1933
5162
6547
4247
1367
4065
1377
5119
3438
7278
1711
92
5350
634
3527
9413
9145
3912
740
9854
2439
70
2203
5573
6056
9798
9750
4810
3100
3277
6757
6192
6808
8274
1537
8909
3865
26
6275
5632
5766
3686
110
5659
3288
4566
4508
8500
8170
4873
129
4878
1678
8191
6985
2930
1914
4590
3937
2326
432
9875
9260
7934
4011
2275
1383
7713
9286
8630
7737
6575
6335
21
129
9101
2306
3700
7013
9220
7687
4158
6644
4198
5929
1242
189
3636
1776
7307
572
1565
4897
8605
1095
1175
3175
8302
7668
7231
4378
9864
9871
823
5820
9863
9014
4727
9113
8725
5851
5355
1131
6392
6684
9058
2903
7438
4195
6360
5321
6787
8574
7599
4253
2852
5213
7402
7955
9651
7591
3449
6498
3251
7835
7054
6350
775
2879
9224
3231
2084
1153
6087
2861
5289
3296
1821
2354
7249
504
5558
4644
9353
5834
1142
4562
7042
7020
5048
7956
8773
4168
8303
4602
6414
2102
2835
1563
4433
5034
1311
6103
9666
759
2221
6330
6915
2640
8751
3310
8216
255
811
559
5190
3792
4460
5551
4573
3015
1967
3151
6782
8937
8708
2732
6138
5231
225
9150
9253
6818
3901
2705
4991
5114
4901
4764
5429
2937
5301
3820
2263
7242
8677
1399
7224
4517
9777
8475
8259
1936
401
809
5450
7166
8096
5997
1939
1130
3867
5907
5513
929
8758
5660
5903
4661
6833
4332
1346
5927
3889
3179
5511
3433
7035
4310
2495
292
186
6476
3272
8403
4452
4918
1717
5558
445
9064
2124
6831
1587
5283
2986
7250
3656
1847
3757
9730
6009
9821
2278
825
4185
6672
595
6985
1928
9055
6039
5686
3054
7448
2574
9058
52
8108
4686
2451
6814
7145
2358
6748
7483
7427
1063
1185
2033
1512
5112
2936
1920
2810
6195
773
5896
2807
1476
2765
6913
4307
7259
2142
5934
9392
4864
1208
7435
6076
5128
530
4377
9479
6728
9453
7529
1740
1381
4486
5156
9880
5916
4065
4285
2344
7170
1796
4046
3053
758
5366
4902
6456
8810
5052
4969
8285
5013
3971
6107
4509
7484
2028
7954
5322
1306
6939
7665
1922
2953
8580
6774
1268
8196
7475
4265
8107
3638
4261
6761
4074
9500
4622
2513
900
7966
3341
5804
8437
7005
1912
2317
8506
4366
6431
4046
2432
218
6389
4396
3519
9788
407
278
5694
9254
1978
8188
6097
9139
6827
5550
2467
9530
3631
6911
5847
506
1542
6992
5351
9377
1193
9028
4506
3561
684
7369
8055
4201
4441
7885
3977
1026
741
8361
7989
3346
3243
3770
6799
5580
2902
8092
2000
8265
9268
5156
8616
7085
4381
5902
1088
3155
8210
8385
4709
7529
1898
9884
2411
1675
3962
7550
5185
3559
5027
5171
9407
5880
8681
8830
5859
8979
9598
3514
3343
6017
5204
6048
4430
2114
3854
7129
2126
2300
740
6690
4001
5411
2552
2332
4684
2302
3309
159
8529
7160
6709
975
1741
101
4843
2518
7258
7720
9187
182
6311
5815
7423
4474
7722
5136
8808
3401
9722
6640
1578
1870
9376
7524
8197
8270
1501
3053
8098
429
2436
2110
3058
9313
3928
6284
7307
9031
8984
3306
3055
5974
4595
5714
2244
8252
5927
4703
7021
8985
2775
7316
4686
3446
1861
2368
7667
598
7927
6773
5475
4116
2426
9327
3504
6661
1166
3418
3076
3836
1211
3610
8157
1072
3002
3614
6830
7478
5788
4752
9783
5602
3181
4715
3830
5011
942
6126
5779
598
944
3243
879
3616
3660
2988
466
4582
6520
3400
5467
2388
6965
8625
5971
3241
7188
4569
2213
6369
2148
3485
8976
826
3704
8917
3726
9191
1484
4666
8538
9465
5441
2747
7314
6058
5991
5660
2682
4392
5039
7724
1505
1354
5306
8719
3959
5613
5897
607
8809
7614
9251
4741
6652
9001
8330
2626
3681
5121
3156
8044
845
2338
2702
2136
7112
3898
1506
5927
1040
4312
362
6670
1815
2333
6996
5387
9513
6970
5696
3042
4437
9214
4545
1878
7113
4641
5130
6618
3738
8419
2357
7504
6701
4837
1388
3389
6205
8020
4583
8514
6904
9129
3833
990
3017
8075
2675
4498
6416
4527
8212
7289
4831
3833
4975
4147
1497
8347
1623
7673
3314
3647
6637
4981
1910
2095
1024
4682
889
3327
4437
6918
2951
2356
6111
6104
2614
1201
3535
2054
3796
9217
9868
175
6665
636
5783
5569
4850
5207
2635
9020
2348
9292
1624
5106
9288
289
7990
3953
7093
6838
164
8529
6494
887
1281
8784
6388
5427
4494
2437
7582
3471
4120
9760
3068
9646
1812
6315
5711
5709
664
3273
4938
5229
443
9701
6365
677
4002
4959
2149
8285
8299
2264
5316
2154
3466
6345
8292
9285
9867
9163
4456
1506
6191
7647
1639
8578
1297
6577
8190
9148
8736
7871
5489
2698
5645
4786
5589
6127
7100
5851
9054
3207
2855
8689
6000
3792
5938
8337
2841
2337
1545
8133
8311
2101
310
3795
4967
2192
2171
2952
6550
9534
5771
3020
7351
6770
3628
83
7035
153
5136
229
3242
8547
7881
2648
4759
5789
2730
731
8
3905
9665
3385
9205
3888
9448
3838
3648
4139
856
7313
2285
4001
4442
2129
3966
1318
1561
1011
3608
8449
1758
713
1852
745
2503
8390
764
5151
2745
2609
2612
4284
5784
5348
4815
3129
7553
8897
1803
1300
3572
8191
3701
3713
1537
4752
2506
6491
6807
3194
8749
2919
4898
5003
5491
6339
8478
7193
1976
3053
6371
5355
6215
8467
8554
1590
4394
4005
4286
7895
5095
640
126
4646
7997
7275
820
2025
19
8683
8851
9459
6636
8213
7757
4448
2508
5056
242
7498
3476
4506
4589
4344
1510
2365
1895
75
5227
1394
2261
2370
1248
8548
217
2650
5844
6639
8393
4608
2069
3000
3719
9343
4896
758
2293
5105
5754
5408
7455
7527
8295
508
586
3131
9220
1528
5671
4910
1581
6154
6775
3792
3061
2684
2231
3962
8464
5515
556
3124
3881
8238
903
1087
9804
293
5205
1309
1858
2791
56
415
742
2705
3867
140
7483
2362
8860
4599
6166
2914
8052
3375
3930
6326
4545
7501
7213
276
4170
1096
3983
4349
2787
6147
3991
3902
6422
1732
2986
76
5806
1839
2238
549
6864
7855
1751
5855
5232
2798
4087
347
5972
4392
5863
5217
9319
3229
5658
3368
9517
390
347
2410
6569
6189
6650
2547
86
7954
1117
712
340
139
9643
957
4049
4507
7177
3795
1518
1560
9299
3959
7311
6992
9998
6905
8800
8524
4160
9217
5663
9151
9032
7100
8684
2595
6238
99
8044
5519
4803
4311
9718
8951
6087
468
3546
8267
3513
7491
8090
7095
3562
1373
5480
5511
9620
2595
4120
7058
6951
2639
8317
2246
5331
1663
1731
8462
5683
4874
5826
7509
8443
4754
5467
2327
4301
9901
1240
3931
2499
8993
2128
8014
7899
108
2755
8288
5681
1490
6591
176
1716
9746
193
4200
7404
5386
3893
3107
89
3668
1139
599
4045
781
2136
2372
2445
1514
7391
2113
7757
4815
3299
6089
6547
7864
5018
9979
4815
7641
1510
768
1674
1357
3872
4638
2431
3563
863
9066
6941
8284
4849
3630
5497
9088
7343
9359
2439
8662
5742
935
7182
2153
1930
9497
3414
5309
8992
6373
9855
9290
4453
9652
156
8904
7166
6223
5249
9974
269
1599
8809
4570
4470
8667
5334
9923
4323
4365
795
7956
5134
211
7838
7607
9679
8580
1035
1355
1977
1704
2855
714
77
4445
7684
2840
973
5097
9493
1845
8595
689
8556
3952
148
4567
4005
5182
6977
4396
1944
3920
3616
8143
3346
8402
2711
4089
2025
947
4086
8467
602
6576
3415
945
1556
3548
9642
3818
1245
7328
605
5545
7040
7464
3147
3042
1642
9004
7421
11
4068
6149
5055
508
3779
6108
7373
7941
3037
5345
2982
9733
2637
8764
3678
7006
7922
4751
3837
6802
5170
5466
1271
1605
3319
2286
6839
7224
2326
866
6038
5451
7430
8967
8248
2345
8058
2860
8365
6470
1212
4906
1117
3961
1773
5745
554
8913
6365
9416
5893
8261
3163
8670
190
38
7358
772
187
2730
853
1180
4019
1266
5202
3590
8535
2148
8836
83
9416
6180
3140
4365
5462
2315
7110
4401
3006
263
6979
8167
7679
2642
5487
7679
8516
9743
5236
1988
3731
1224
2006
9390
8421
9441
6799
2774
1907
8553
9899
9705
6456
1992
6312
625
9748
8479
9553
4384
568
3337
9956
188
964
7568
4422
9044
8376
1855
6844
5742
8078
6485
2320
4565
9709
1026
3705
7986
1620
9530
6054
7885
3292
8004
3074
3034
9202
967
9833
4954
7148
2983
7657
6637
271
9278
402
5086
4798
6744
6097
9118
4883
2970
4349
8494
1809
6259
7807
9050
7308
4069
5524
1230
9780
735
7085
6170
7783
7941
9020
4330
7327
2986
9199
6549
8242
562
659
6378
135
3519
3637
5510
341
6875
3434
1285
4653
7194
2220
6314
6588
6373
4837
5517
2500
4881
2270
5126
7915
4528
1543
1533
5154
4952
7530
5248
3501
1206
369
6705
988
2026
2036
6153
1170
9707
6972
9461
9232
2830
4622
5305
9179
2546
6224
6911
7929
1569
4275
3289
2731
2627
709
733
5447
9680
9015
5252
1013
929
6288
546
7628
7357
3503
4160
3095
4340
6182
6550
5143
6735
3082
3886
3506
9780
7506
5692
8115
9103
4425
2630
799
3231
6716
8095
7591
1038
5510
9685
4943
4821
2902
3033
5923
6845
91
1053
1842
3586
374
6188
635
7177
4390
1916
5818
8049
4490
2468
8852
6222
6175
6478
3369
1236
7176
1122
1842
2348
8945
8180
4024
1285
1063
2431
1761
9571
6397
5793
6615
1257
3713
7709
5164
9744
4887
3407
1795
4295
5862
6900
351
7847
4067
4813
4101
2759
128
504
8115
5252
8406
5293
9411
2476
9136
5104
7971
8361
4772
6320
6090
5728
4493
4243
4437
2480
3795
1184
660
9119
576
8923
418
3336
5186
2042
1305
4951
9559
4462
7294
1098
9709
1407
5049
7238
6639
2987
3753
4292
3022
3581
6898
6003
6898
3314
7960
3505
9050
4042
1791
5971
7750
2466
123
7237
3112
7285
2679
8311
3419
5593
5024
4811
7489
6142
529
6548
388
3557
6593
3694
4618
8065
4608
281
5273
9932
9093
1144
5625
6402
3834
2837
9057
1671
1979
2536
4380
7159
2540
1502
4140
218
8012
1273
9770
4264
6452
1450
3138
2303
6695
7649
1395
8837
7222
7016
892
2188
7590
6555
6368
475
6312
6431
3620
9616
610
6411
7429
1058
1565
8663
1653
227
2828
4200
5053
4089
2290
3499
4724
7697
3901
3995
8762
5068
1153
8487
1224
9355
4658
8856
5329
913
3734
8882
5399
9534
5930
8486
4064
8941
9027
9226
8907
7422
7197
7517
1893
8398
6745
7699
5707
8665
7115
1827
3407
72
9716
6859
1701
2480
497
2749
3587
1974
2213
6927
3090
8537
8816
1578
3405
1610
7529
230
9885
367
3807
9237
979
7838
615
7939
3516
4555
6227
8500
3496
7838
4110
2746
9985
7477
4352
8651
7585
7176
8571
3598
2513
3830
9278
4956
8345
3498
241
1133
121
3730
6601
7836
9714
6837
2153
4939
1086
7614
6538
9132
1387
2062
6911
6279
2737
730
7063
5318
9957
1454
1955
2410
1509
1441
7136
84
4503
7947
638
1131
9719
130
9578
1133
9296
2006
4925
6686
8008
7953
5681
8600
8828
7680
8052
671
4885
7182
6115
4973
2859
5825
7945
4054
7326
7432
5195
8882
1685
4998
4734
8966
8871
4486
8091
7661
4297
3052
8177
1371
4166
1018
3049
6052
4665
4906
3313
8276
1389
935
3182
934
3800
4537
5166
5585
6519
1627
4915
4473
7829
1668
5821
5247
5874
856
2650
553
4744
6182
9694
2833
5880
7564
1715
1898
5047
5756
5306
9160
1510
8342
4179
7738
3970
4734
4401
2108
7337
3829
4589
4433
5470
4735
1703
7261
7645
1787
5214
3911
698
16
1158
8495
4552
6124
2858
7321
6132
3092
6961
2159
5578
3607
1811
3771
9072
8613
200
975
4618
2544
12
6549
689
6022
4432
6289
2743
163
7995
1685
9336
3992
6015
9806
7805
7978
2686
6273
9289
2147
7513
8451
4260
6877
622
6395
2650
8080
4994
8468
7181
6195
7661
7065
4572
183
2548
7418
6884
3543
4755
9053
4528
9274
9834
5180
3127
4628
1860
9980
8806
4560
988
7612
325
4838
4542
9571
1921
1910
5704
8989
7721
6852
362
1440
7159
4978
5810
1856
959
1016
4605
6294
8922
2162
3165
5431
4016
7763
7417
3944
2094
4913
7190
6189
2915
3814
6937
3991
6107
5403
2853
6755
5196
6444
5471
7593
3907
4066
2438
1752
1552
2540
8304
5169
8517
9998
6908
1722
8616
1734
7197
7442
2391
9759
5187
8756
4310
5361
3158
9702
7258
2548
2177
9978
9724
5486
5540
1661
4639
2280
8844
7501
3956
789
7056
7792
9749
9577
165
5993
867
8525
6762
5531
3971
9161
9295
1485
9197
4358
5589
1233
3590
672
8740
7565
9977
4297
1498
6247
5003
3416
1872
7567
7693
5501
3814
8013
9071
8053
608
3909
4143
5219
8823
3550
9843
718
7570
8209
6437
9613
1199
5223
5311
7606
3538
8300
3067
6719
8321
1174
423
514
3533
790
4529
322
7072
5293
5029
6348
7340
297
7397
3975
5165
4119
1961
6103
2788
8984
3331
6947
1583
548
2950
1341
2616
2535
6947
6343
3205
6737
2558
8640
8242
1209
8996
2152
7168
1080
2843
5059
6252
7084
3801
4492
1065
6644
3928
98
5935
1154
2392
4799
5522
947
8191
2185
8679
6382
5295
5223
6244
9453
8256
171
2552
5367
1403
2991
5084
7685
1492
2869
7888
3738
1890
8987
2225
9319
6199
2122
2192
2919
609
2316
4023
149
7199
7421
5201
8400
4915
5101
3598
315
1007
2578
7395
2134
3358
4282
3739
9662
3287
7454
7805
205
9206
9659
4186
3623
3789
267
9424
9396
1214
9952
7869
9500
6455
8468
3038
8785
5621
1130
3174
5543
4901
8706
2812
5016
5787
3764
1795
7683
5958
8887
9435
2354
8438
8664
4258
1329
6476
7830
9160
1183
7952
2561
7672
8094
1079
535
9537
1060
2638
8086
2792
9838
1080
9565
5195
6971
9446
4807
9952
4915
7227
5555
9447
9910
6067
585
5945
4002
1506
2350
86
5426
1848
4997
6420
5390
5668
4783
153
6263
1488
9099
866
2128
6696
9603
7021
7723
7944
8268
9745
5898
1894
2558
5606
6897
3506
7400
5861
5002
8801
7135
4030
9384
473
204
4524
6351
7620
2982
2553
9639
5386
6866
9572
3829
6366
4499
9087
3578
3257
6830
4847
7919
1415
2623
7134
4576
745
5956
3164
3984
8660
5300
4445
6487
9714
9815
7366
9063
2967
4667
3232
9827
5132
7376
526
9588
6124
1438
5250
9738
3749
1851
4866
4895
5980
9511
7577
6888
2491
7939
1471
3903
1966
6300
7398
4911
8038
7247
5353
4862
4703
6801
6622
550
1504
6128
2954
542
9878
1899
9659
5114
4685
2706
1643
3742
9096
3923
159
8387
6815
2344
3288
513
2893
4959
5055
8631
3265
3300
6462
967
3619
5928
6707
4807
147
6855
4372
65
8367
6938
6494
9640
1253
8640
8053
3260
4666
1912
5648
4685
6289
443
6930
4372
4106
3008
1669
996
1831
4245
1289
5600
1625
2835
1130
1558
8972
2741
3752
2023
613
4969
2203
4092
4080
3104
9300
5502
6569
5788
2716
5390
1631
3263
5946
5343
4473
3116
2065
786
556
2429
598
5618
7587
9707
7805
4916
8043
143
7201
1525
7876
2049
235
2397
7247
609
6720
9659
741
7527
799
9544
7850
1550
1046
9592
9263
5424
2628
778
913
9361
5371
6637
5657
9788
4033
5838
1971
4815
6134
8173
113
4659
8280
6450
8811
6068
4079
8429
9752
4680
5461
3564
2885
8242
4518
9097
2857
6576
4786
8814
5797
1318
9355
5659
6095
9538
8106
6311
4809
622
7946
1817
4929
4992
8002
3428
3820
6640
6367
6901
9892
8781
6254
1681
8750
3438
7158
3644
3948
1256
1000
1361
8789
7431
4113
6202
8611
3293
3424
6044
7443
767
9190
807
9032
8731
7280
5606
9831
6081
1106
3928
742
6255
7078
8878
5174
1875
7691
5332
3249
6218
3247
9578
5925
289
6571
5924
8184
418
5104
1657
7482
1510
1245
2742
2193
5333
4938
2669
4927
1583
2140
6003
7266
1825
9044
6332
5746
2889
4697
5574
3700
6820
4010
7881
9966
9028
9067
6749
3401
4972
9091
8368
1655
8384
8493
7723
3695
816
7987
6527
8236
3127
5938
3641
4378
4423
5836
9353
6557
2895
1029
4599
3169
6058
9761
5004
7161
4930
1901
7499
7280
7861
3773
4186
700
4924
8996
4109
1292
3038
1357
8632
2947
5322
393
250
4034
5594
1569
7822
7342
349
746
3455
9658
6099
6949
7567
6518
9520
8383
9014
604
1499
4085
6599
6759
3881
7661
6761
2661
9482
138
9787
1830
1755
6120
3511
4804
411
1156
9130
5123
3228
8528
8509
9009
2314
487
6140
1572
5158
2383
1786
7752
6965
8128
1764
3270
946
1924
7802
9362
7540
4312
2468
5249
1835
253
9256
3955
874
3162
3620
351
8992
1607
8449
5111
9810
4736
3804
4649
8138
8377
6080
5025
3661
6277
6194
7359
969
9918
9864
3288
7295
5991
5631
1686
138
2749
7843
2031
1828
5172
2526
5549
7061
4186
3789
2602
2465
6992
7220
3637
4282
3998
4566
1479
1473
2790
950
4732
6679
1146
1841
5620
6802
9154
2032
752
8256
5180
3033
9933
9361
1648
8408
6456
3783
4362
8868
2073
4461
3476
192
1253
7036
5085
7440
2256
5425
9923
8332
7069
9911
9659
7142
8289
9877
1882
8038
8710
9139
2039
3367
8500
1723
4293
8100
5666
9903
3557
6354
7777
4317
7815
9730
6808
8066
3231
59
4411
2839
4541
1063
1916
5316
9726
4443
7923
6376
1095
5943
6489
3942
4532
6045
586
2725
4911
8139
8775
537
8434
4241
7833
1420
2030
4615
479
353
5833
3059
5244
2994
7227
3983
5078
6591
4011
936
2305
4976
9789
8782
202
1372
6883
3299
5644
7652
768
2715
3019
7643
5323
5359
6930
5063
26
6465
72
3789
8639
4990
3129
9283
3896
8237
5510
5196
4245
8087
9330
8467
6771
7646
4167
9530
5126
1276
6804
1671
2453
4102
8422
4988
7149
9370
1530
5972
3573
3298
293
3274
797
7436
847
3874
9904
7965
2712
1575
4398
9879
8457
1524
8897
1497
6420
263
8411
1408
453
738
4243
5601
1432
5621
2849
7271
7578
346
794
5597
4513
9311
2407
2647
1411
4862
6660
9491
6619
8874
6358
3574
4667
998
5806
9479
6735
6003
2798
4293
8314
5005
6959
6982
1069
1844
9301
8398
705
6384
7153
4872
9039
1098
4564
3665
6401
5936
739
3012
9995
9169
8099
2958
4915
8697
7159
5737
7140
9117
7558
6072
2031
4733
3330
2416
7566
7683
5748
9925
8929
3322
8942
4730
9876
2131
1914
6949
6792
8528
5491
6789
3328
2177
4360
4094
7088
6669
2371
6729
4939
3750
3971
7305
241
8694
5856
925
3510
3856
716
8869
7869
2966
9264
4435
2002
8294
7696
7503
6282
6478
5153
3832
2216
6487
9815
3576
1457
4985
2855
1041
8223
174
6624
4347
8163
5083
7166
9310
7488
5248
1444
6589
8440
3723
6519
4972
1129
8457
1297
6503
7126
3189
1463
1098
7266
3270
4748
9281
4637
2022
6750
1699
3891
1631
7214
3227
9672
4926
2880
7600
223
876
5807
5791
7065
7137
5396
7616
7974
7569
8293
1425
8466
1287
2765
1172
6484
2510
3228
3618
6036
7248
6162
991
8171
3679
838
6024
1879
7988
6974
6986
3226
6367
6736
28
8379
6919
354
4991
5025
2258
3008
8670
7155
4776
5629
6460
168
1717
3781
9284
6813
6502
6899
7770
9629
6038
4804
9743
2215
1179
9636
261
9931
8922
9145
5700
431
484
1609
4637
5810
8925
3554
8693
1094
3701
8954
5878
8298
7152
2565
7510
1335
9781
708
7280
4695
6938
9918
7694
8009
9465
7630
4763
9340
4790
9356
6561
2392
2979
3622
5077
6663
4338
9384
3627
5060
1301
584
4044
435
7544
9045
8822
1129
1519
12
3462
5677
9959
4290
3368
8567
9276
7158
7809
2167
9239
7018
718
4759
3823
6085
4376
995
8728
1340
7414
9034
3673
6419
2962
8106
317
4163
6282
1338
3375
5143
3773
1277
3383
9633
6813
9753
4413
9221
4640
9477
9025
9535
131
2060
5735
7406
1209
6056
1387
4202
8428
9034
1924
2026
6216
9702
303
1016
1251
9677
9512
4082
6497
9611
2036
57
3512
1071
4455
7479
8856
3833
7363
8990
2620
8060
6269
699
8427
2208
8763
1737
4606
443
6834
6748
5659
7867
968
8027
1633
7887
4383
4694
564
3728
1636
3372
5760
5242
5672
8612
5358
2936
1400
1566
6362
3465
1846
2263
9116
4687
5053
4248
1070
3840
6012
318
599
9393
8130
4619
2628
5690
3012
9463
7862
9623
5635
4884
6539
285
4426
5185
5785
5768
2182
9471
6895
6129
4290
2576
5166
7878
5304
8619
258
3330
3553
1971
9493
7614
6184
9393
9988
7245
3779
2731
8049
6758
4569
3698
5900
4097
3086
1004
6459
1234
7127
5364
6623
3754
9857
9779
8335
2075
1001
873
4549
7373
2201
2054
4135
7292
6814
796
5766
103
3702
432
5872
1077
7901
1511
9834
1536
8434
8982
8816
9305
4998
9274
6810
9101
773
5659
3812
2754
8171
1209
1392
2117
8002
6134
6341
2017
225
297
6568
6662
6222
2331
977
529
8369
3916
1652
3995
2570
1498
2354
4662
3368
8029
2091
7694
9263
4139
6281
2337
7972
1562
931
7224
7464
1616
7147
4097
8854
8061
4306
8119
1482
6755
230
3078
8827
4198
5861
1489
6325
3259
66
2836
8594
7177
7469
8022
4088
2263
8489
4462
9795
5642
6130
4203
7215
6850
8490
6948
3596
1126
9447
932
9117
7837
2523
7227
1597
9633
4543
7230
5165
6660
6382
8852
8289
5411
7815
4245
9575
3684
2304
749
6852
1492
5406
7241
6165
2743
7404
9989
2524
4071
6771
5767
3530
5245
6093
5031
310
290
6229
4708
7604
9648
7610
8374
6290
1490
9876
1402
7150
4647
2288
70
4280
6528
7750
6528
157
6871
2704
6036
2107
2194
3616
8960
1680
6423
8340
7618
4254
323
7278
7275
6108
6080
4873
1341
130
3668
6774
3113
9374
2478
1752
313
9729
5096
357
4093
9130
89
4181
1192
935
7182
635
6468
3364
1325
8133
3204
5219
1778
5752
219
503
8588
9549
8117
1009
1614
5004
1786
6477
6570
1331
2651
6465
8515
8753
2132
6777
5643
4286
7239
5935
5291
5045
324
3999
9655
632
7612
6843
886
7797
5347
3887
3938
1211
8128
6265
835
3943
1320
5385
1867
37
8312
8960
7627
9420
3834
2703
784
2324
6534
1097
8014
6382
7596
9907
596
4598
7291
6455
6863
6515
8068
1036
889
8066
1008
4342
9604
7847
2311
1260
4855
8834
7842
989
7849
4925
6718
7081
875
1139
9399
8689
5257
4748
1835
6097
5055
2210
4829
9428
3212
3343
6967
9312
561
9896
240
2264
8379
356
9760
1528
2043
6694
2879
6228
6717
1545
8460
7814
6003
6308
4014
2983
1014
1569
7040
6548
393
1376
6975
6014
1518
1932
5890
2070
9290
3494
9299
5604
1732
1492
3272
2418
954
9166
413
1349
3939
9398
5219
187
95
7828
8808
6472
1537
2842
4102
6993
7663
554
5155
701
7747
4520
8523
4569
3992
608
295
956
2768
7166
9766
7990
3607
9443
9559
1611
3942
5063
2476
9034
2523
4305
7357
8591
6016
4890
9768
203
1349
6058
8490
4049
1049
811
5469
2380
25
8375
5114
903
50
1176
8680
1668
2507
1918
822
8965
920
6713
8355
3390
2219
9645
5771
6940
9747
2611
8091
3767
1598
1880
9312
7042
5050
9354
3833
2290
1549
2267
9063
1491
7027
9710
9673
279
9130
8256
7866
2640
6385
1742
9459
3648
4287
2243
2586
1003
9808
235
4389
379
8960
1999
1183
7932
1657
1417
9298
5716
4387
1523
7009
2197
3952
8349
2831
580
4908
5956
1782
2244
9213
6885
9198
1223
9109
6671
1164
8370
3235
4571
1694
620
1623
5198
9413
1583
7356
7364
707
4609
1388
7097
2028
8403
2309
1568
1375
8295
4716
9415
7853
3361
8197
855
8618
706
3966
7870
4578
3455
7690
759
9715
8238
5146
2381
4077
1319
2007
5533
7144
9865
286
2089
6538
6362
1736
4739
6863
9645
2862
3493
4823
5641
7089
9460
9733
4524
7137
7836
3005
8719
4643
526
6285
7938
4704
6380
5531
3268
145
3614
7511
2230
4063
4690
5952
673
9449
8630
6895
5385
1566
9577
6667
3402
2158
3240
1356
96
4523
4815
3625
8392
5039
2936
1323
5658
9813
4277
2433
3209
4781
2524
2611
5712
3813
3619
4813
4249
2166
6412
5319
7335
1954
4146
6855
8720
2231
7584
7425
9493
8748
4985
3007
4688
7474
7639
3285
1356
1577
2214
2257
5918
3696
2783
9727
3485
4096
6064
5439
790
531
3155
4939
7412
7539
9834
5119
7031
1245
5364
7836
1598
775
6652
2004
6533
8870
627
8119
4293
2416
2711
4313
7011
8247
3397
9701
6302
806
8121
9066
9751
6038
7836
2714
9166
209
8999
6726
5219
3297
2059
1775
6759
4020
6936
3146
782
7648
2486
724
815
8308
4476
5264
7293
4656
3225
6517
3399
1530
7732
9492
3815
451
7836
7467
1812
8714
9780
4241
2220
189
3383
3541
3951
955
962
533
5937
9401
9144
8901
4639
3521
4723
7144
9602
7818
4866
9378
5907
8408
125
9215
8863
7736
5944
91
6761
9652
4669
1793
2111
1482
5411
886
437
2230
3549
2224
8375
5068
5127
9807
9632
7854
3985
7872
8153
7597
1030
7287
2754
3497
5756
8082
6444
8477
9859
6251
6658
954
1568
1849
9710
7039
7208
5836
3917
8274
3397
5135
1060
1611
9308
8917
5098
6369
3430
4276
390
7620
3416
6128
9081
6631
746
4423
8746
6802
4193
1590
6912
7874
7362
4475
8668
2080
5951
8027
7196
3415
9781
2428
4772
5183
3160
1471
3557
1629
4671
7605
1323
6584
4089
8245
7146
5782
9820
8705
6067
9812
4970
9436
9727
1469
3977
9109
2069
4726
4563
533
5338
2485
1737
3403
1821
6808
1511
6433
1034
8436
2087
1550
381
2047
9359
4523
9731
9920
1747
9662
6787
9494
6631
1005
641
9591
6944
8823
5521
6050
1835
8193
5321
9934
9754
5894
2272
549
5790
2949
9837
1064
7633
2758
753
6733
6155
8968
6054
4380
7281
2948
9835
7158
1534
8107
7555
374
6470
7096
2757
2624
5053
8449
8202
1442
9960
1159
2664
4187
9785
9294
3842
2999
8154
3856
1236
7327
904
5785
173
8714
9600
2274
9664
349
1957
8351
2267
8213
995
7078
3725
1572
5128
4667
3771
8031
816
1272
7230
2391
7889
4336
6279
9171
5204
8960
582
5776
906
8962
1898
7063
7242
3052
3719
2279
4599
2848
4506
2258
3262
3359
5188
8113
4221
1975
7708
2670
2301
9018
1618
2395
5858
1484
8
694
7354
1699
4338
3087
8214
4347
197
1008
9550
8537
2408
3745
7583
6421
8464
7396
8877
6236
3819
5616
5869
5586
1245
9396
7603
284
9116
2169
4057
5147
311
2102
5013
5730
4199
5625
6008
4227
9103
4940
4608
8471
1574
7559
9958
306
1830
7742
7378
8481
1795
8143
7615
1632
3322
4918
7311
8952
9365
1093
3219
9690
169
1082
7738
7758
9849
3912
7473
4414
6128
3917
9679
223
7465
5466
3700
7357
7323
2617
5796
4609
4893
5501
6130
497
5245
2732
6101
4291
9585
3135
2689
884
8048
717
4049
3050
3309
3928
7176
3817
3163
4023
4150
2436
4203
7571
8213
9753
6727
5043
4719
2644
3088
791
4846
2640
7846
9729
1926
850
8295
2519
1181
9866
8181
4212
3746
3454
5780
907
4943
6528
9892
5236
4964
1164
3758
4262
7335
9202
7421
2724
6861
8387
3645
457
4079
6929
1137
5311
7709
852
1533
1902
31
9593
3351
2142
2720
7917
6991
5639
2238
6401
9700
6784
4567
8520
8417
635
8835
9648
1413
1536
8120
2188
6718
6832
3657
1472
6475
2998
5527
9082
1576
3048
8943
3795
176
2180
271
5504
7045
3265
1033
4130
8076
5007
1343
3813
5752
3414
6418
2471
6876
1510
1150
8204
3445
3191
8045
6946
1214
4542
3303
287
8162
10000
4249
8432
6891
1336
8919
913
764
4577
5196
6831
3529
3722
2553
7197
6097
380
4227
4200
2176
5319
1417
6178
6543
1295
3977
2426
5865
6537
3999
9061
2211
4756
9652
5649
3629
694
6721
2492
4532
9821
4356
122
989
7078
9777
5807
2512
2291
3844
6711
2412
9266
5772
5696
3402
1445
578
3716
3757
9530
7297
2242
2043
5443
9487
229
5210
2647
2083
2762
5646
4989
291
2701
7721
4923
6852
2406
3260
7310
3790
9934
8443
6769
3508
2963
1685
5027
1992
4181
3190
9636
3798
3805
2103
6986
4465
8553
6417
636
1079
1427
4159
622
5795
3428
1728
664
311
6528
6770
7922
1531
7060
8425
4349
9928
66
7420
9562
2512
8071
2100
2642
1705
2250
4177
4290
9932
48
9786
1381
7260
898
7222
3110
6063
907
2664
1626
2326
8115
9118
364
7979
2244
1841
113
2412
6742
5597
6257
4201
6360
5209
627
6014
501
1117
7905
6614
1149
5884
9624
3972
4306
5938
8486
2562
5561
5238
1915
6140
3668
3986
6548
4491
814
6040
4743
8976
4647
3265
48
7027
5068
3692
1066
204
8292
3059
2207
3876
1749
6094
5360
9168
6022
4700
8731
9414
4215
5126
7780
4015
4881
5142
8480
2373
1968
5261
4984
9339
4121
5124
2156
1483
6096
7326
8446
428
7066
6144
6068
5466
4157
7900
3576
2726
4676
3040
566
2266
7179
7375
5473
7665
9789
1408
5192
4883
3988
2177
9624
8489
3461
1625
5131
3715
555
9157
8374
2198
7362
3739
6030
7776
4552
2668
6486
6258
8670
9977
6756
9672
7821
7316
1611
1201
6411
4127
2156
1731
1939
1918
7986
2745
682
9563
402
3155
4593
2653
4192
9579
8711
159
1982
586
6938
5930
8270
5431
4200
857
9909
6969
4654
3969
6037
6564
8889
7138
3218
6082
7878
8612
915
8323
7787
5174
8328
2638
7730
1361
6087
6877
2027
6886
5330
321
9599
165
2306
4777
5771
6703
8769
2652
5911
5952
7183
1470
6132
9248
5013
4058
3556
4415
4259
2399
7539
9730
743
1039
3686
1072
2698
2828
4501
1290
9670
5801
4056
88
909
5009
9215
6060
7023
7253
6629
9887
9927
9847
2960
9195
3895
6740
5625
1042
4858
6676
2720
7634
6007
8392
3708
4470
5234
7285
6992
7849
3968
6492
6517
427
7570
2832
7210
9340
4593
4719
8227
1314
5960
4774
3744
3128
5358
4668
3342
3805
9034
3445
7906
7018
6556
3522
2406
8299
4083
414
3920
1874
8228
3260
1839
6208
1684
3266
7297
5667
1438
6283
586
8094
6643
3923
8553
4572
5959
4846
8775
8143
3570
4151
3732
2838
8946
4170
6078
3014
7919
4376
5661
5722
1668
1622
9978
5542
5796
4450
2394
2226
3853
6849
6630
6317
8370
7495
1790
6900
7745
243
9507
8656
9204
460
3657
2465
6410
9619
3542
4946
5322
7522
3434
7524
3393
7498
4946
4900
5331
4963
3821
6104
3267
3864
9404
8716
429
8661
3340
8305
5174
1793
3842
637
6609
7820
3238
3790
3899
5825
9468
952
8880
1081
6699
2402
5570
5463
6266
6907
833
3640
6811
8639
7542
8695
1658
5566
5365
6503
2213
9267
4541
2900
8511
4108
4882
1525
1889
5810
5634
3037
204
5582
1806
8347
3049
6190
9101
9500
2926
616
2700
1878
8530
2265
4771
510
7922
8103
1838
1452
2679
2530
5898
6436
8875
351
2532
5283
7157
1732
5157
5931
2110
730
7050
6370
598
1656
1799
6248
9836
4295
8422
8459
8594
9857
9578
2647
9092
4421
9986
3226
2922
5567
7484
4249
1629
942
964
2279
1483
4561
7873
6233
2385
7797
8905
148
2879
7222
9056
760
6780
710
2315
6862
2087
6578
1917
1502
9505
7891
9290
1272
6172
5552
2643
9158
12
9283
465
8737
1474
5202
6109
7847
2399
2347
7125
9312
6233
8183
7023
4750
9876
4909
7760
5074
5081
4222
8371
7895
6520
8060
8926
7705
4354
6834
9250
9460
1508
4637
8692
9987
9669
3052
6653
4482
3522
1265
3529
7320
9705
430
8283
7347
5526
4503
1937
7908
2649
8063
5948
954
2601
4066
637
2745
4230
901
1635
5930
8052
8660
1658
9030
8804
9099
810
9779
5456
2417
1121
3141
7432
6672
20
8346
6873
2452
3061
1818
9384
6201
8384
4489
9895
542
4087
2661
6037
8859
5010
1322
8735
4435
7216
7599
8586
1514
6944
9936
7062
6805
5693
5451
3539
5152
4700
3964
2759
2345
123
2211
2420
1402
4938
5871
7310
6025
4727
206
4635
6397
2384
2374
5009
8005
1050
9730
4953
3747
5536
8841
9692
3229
9942
9316
9532
871
3237
5083
9174
6186
5120
3263
6944
5451
1694
7407
100
3865
4151
7559
3148
1258
3998
4306
8395
2406
5157
7817
1848
5127
6722
5689
3020
5444
77
5386
4187
9310
673
8013
3217
4676
7795
232
4218
5992
5358
218
1940
5636
2963
1761
9104
3213
9239
7827
682
4198
8836
1186
5481
3952
352
5119
3370
1814
4936
1583
5946
2645
4351
7736
9546
9996
2873
4274
2097
5879
9557
614
9511
7037
6135
2662
3082
6528
1070
8630
6637
2503
2170
7152
1102
3090
8531
9836
4547
7479
7591
7289
7809
8476
4586
3659
9338
1090
9797
9757
8040
5017
3639
8974
9575
6307
868
3352
9849
4938
2953
9402
9210
536
2021
4589
2264
8071
673
5736
1166
9003
9463
40
4724
1040
7839
7870
1741
1450
4963
4074
4636
4708
3970
1123
8559
5130
6957
3106
2009
9115
8270
4319
7236
9635
505
9990
2594
7682
1046
9538
4485
1541
6933
4708
3483
4936
2394
5887
7830
9396
6459
9962
7617
4501
7733
2204
4633
2043
9647
2819
6142
6639
2249
6052
5642
5799
5989
6035
58
7069
8825
8908
733
8492
454
5198
5113
1344
6531
9909
7059
864
1299
310
6375
1533
9230
3061
2291
8346
4998
2950
1443
4470
6387
5268
8152
8718
6571
2654
3730
3323
636
5085
1940
3658
6159
8633
9769
6747
9196
4570
6224
4683
5162
5478
6983
2379
8677
9113
9432
6510
7748
3959
873
3920
5375
2630
2494
3310
6065
589
3060
3585
5610
8012
9265
5903
9976
2045
4125
4152
3180
5191
909
364
4623
3109
7709
7392
3503
1730
6936
1082
1667
9248
4796
8120
6522
3304
8098
3749
2496
7465
9639
5636
2927
3958
8832
6312
4237
1563
1269
6808
789
8529
9447
8380
1896
447
7036
7555
2153
2113
750
2098
2427
596
7121
1992
1675
3954
6312
1
9075
6346
1470
995
1867
5647
55
7848
6793
4105
3094
4428
2020
6034
9371
2949
2066
9147
4178
3821
381
7669
6464
988
2958
6106
3948
4723
1649
2251
3098
6858
7694
6806
9734
513
4360
4889
6469
7511
2618
1564
5192
1912
5234
9595
6375
7319
2827
2592
2100
8964
54
887
6391
8984
1309
637
4707
4729
3146
8868
4240
5471
4907
8493
8057
2470
34
7697
9062
993
7929
7502
4243
565
330
9799
5762
1550
6718
5706
3030
1920
446
716
9149
8031
1015
8748
5804
7133
8179
1989
3050
7379
422
7187
4278
3172
3761
1926
2102
9841
6790
6336
7913
1819
4419
6674
6402
2798
5857
7272
6485
4637
2042
6445
1740
4193
3952
136
6761
3732
6001
4305
574
1050
8081
3373
4717
45
5711
7391
1470
1114
230
5028
7242
3451
9998
2950
7192
8098
9183
4741
9780
1417
2833
4074
4133
3560
5699
7576
8861
5466
7520
2520
8293
906
9349
3300
943
7227
3897
8498
5490
9537
7847
7273
1539
8309
5622
9806
6001
9646
2186
1551
1054
763
7116
5195
6337
661
3404
7358
6287
7392
2232
9350
3332
8863
9302
2548
9039
3674
9225
9369
8255
2167
1927
195
5774
5529
9081
5121
1134
2582
9148
6940
4779
9726
6793
8368
7989
9366
6142
2232
9768
6156
7640
8027
6163
8360
5112
2090
1373
3743
3042
1471
5463
5542
4049
3526
470
4254
3070
4231
5283
5278
7876
8258
9784
749
5170
2998
428
6298
7776
6840
2720
9956
1176
9301
811
892
7030
6859
864
299
7187
3741
2742
5347
4199
1306
4096
9859
3368
3174
1983
2115
6941
5786
9769
1014
3255
5712
1280
6743
2317
5663
9888
1022
4631
940
7559
5049
1881
6810
7749
303
6538
5215
6483
8567
2383
6065
7961
2670
9505
4448
4565
8768
5413
47
6325
4286
8557
9235
1535
3052
1792
3455
8492
582
1072
9733
8154
8039
9039
489
8851
2910
4060
153
7171
8150
2734
5516
3603
9184
7944
5261
7615
9991
5097
1621
4451
5261
6387
3770
5126
5554
6597
8184
1863
6332
4270
5994
3508
9731
8923
1092
9348
68
8357
5666
5210
159
129
1742
2685
5790
7746
8281
927
9901
5270
3463
569
6409
3653
869
1014
5966
8363
6473
5594
2408
625
561
3908
9184
3979
5030
7038
9608
3719
1846
9259
3437
9294
2890
9387
4990
8751
4892
5957
4756
9917
5710
3046
7323
5162
9817
7763
3294
5316
1536
6174
1858
3584
4298
1720
3679
2165
2999
9109
842
2668
4389
7058
1760
6420
7354
5297
4119
2248
940
4780
8244
7467
3003
5207
6561
2417
6505
623
2248
141
3623
2138
1611
572
100
6592
255
2940
3538
1404
2663
1012
9723
8762
8496
3273
471
6805
6566
4151
4992
1544
9262
3032
4298
856
5995
4916
4806
1108
4147
337
2953
7705
9948
2409
7391
3160
9739
5751
9098
192
4134
5392
2637
2766
3768
3805
3705
4995
5498
671
9082
6425
2203
3139
5180
2292
7654
3954
454
9078
327
1085
5159
8921
6473
5240
9130
1253
3284
1015
4602
6433
7586
3327
6406
4038
4105
3265
6339
8036
74
6490
1967
2082
9735
2968
2679
828
3073
8915
7423
7319
8053
607
9222
2303
4581
4955
1308
8601
1396
3611
8514
2545
4217
5770
5418
4951
4605
9811
9667
6079
4171
5436
4876
2614
8089
6091
2583
9806
5133
6079
6799
8620
8921
8026
7917
5983
6437
4112
4956
6035
5473
8860
6402
1674
2183
2150
303
8609
3591
8622
3677
8646
7603
3657
9764
5013
4836
6704
9254
118
2415
9914
8159
5359
9771
3727
747
3345
435
1366
642
5195
1834
1020
6999
9461
7196
7925
5556
4679
9773
8508
6245
4522
9841
5292
64
3118
9176
4366
7941
8218
6038
6878
3449
1576
6094
2223
9384
9176
1177
3387
5474
8735
8255
4261
774
8307
5620
4629
9669
7722
1899
1021
4827
4150
6236
649
3936
4074
4721
1237
9595
6648
9008
1720
3362
7559
7939
7510
5610
8298
1943
9286
2605
3029
3001
6161
990
4144
65
2422
7752
8023
921
2068
640
4524
6737
6876
23
7284
4771
1808
8185
7047
8064
6273
6211
6920
8323
932
1755
6721
9657
7542
3231
3373
6359
3689
7273
5701
7487
5137
6666
4917
4649
6022
5361
6578
7113
1135
5701
5865
107
5145
509
5674
8025
758
9310
6179
4137
1542
3636
5279
2363
5420
1094
1692
4671
1690
1674
6271
9776
7832
2646
2626
4908
2330
308
5081
2674
6276
7830
601
9268
9619
8511
1426
8630
7581
2847
6839
9558
8964
5998
5775
9192
898
9486
6746
6868
3872
7234
7981
6859
6835
1431
8583
7200
4631
8137
1030
4491
9013
6008
6404
1335
148
4097
6349
3892
7629
6265
9972
1951
8751
452
9622
2835
7094
749
6834
3504
6293
9048
8556
2293
2296
885
4265
2860
2361
7024
6542
8118
594
8322
1261
1215
7928
6444
8664
3935
9077
7136
3293
285
251
5915
8989
4513
9181
8277
4998
8286
3348
7833
588
1360
3234
6132
8522
3714
4867
7363
2246
4809
9979
9599
7696
7427
2672
1819
8280
9347
8675
2540
745
6034
6964
1551
438
1447
3821
1019
6731
2111
6254
5986
3307
1664
5085
7178
3410
9239
8019
947
7175
5245
9509
2159
6721
2379
7348
5895
4810
8022
5559
2940
4578
6590
9405
2208
1073
6829
1081
480
178
9597
4036
6154
6842
6224
9754
9038
2516
6217
3319
2663
1163
5749
3085
9067
4292
5156
5410
8558
8093
4506
7540
8561
9925
1169
469
6358
7178
2294
8863
223
8846
8116
7014
2296
8995
9074
8162
4364
1792
900
9516
4679
9730
7008
6839
9887
266
6801
542
1230
1211
1843
9910
8265
1887
9219
3284
6537
5360
2889
9821
7872
6805
9330
2792
3247
4505
3357
5295
8572
2884
3662
6713
3134
1481
5297
2305
8928
9854
8101
8886
6678
6000
5921
6735
928
5114
1331
1582
2286
6195
4545
791
9613
6394
3219
4737
8786
6814
1917
7750
7471
8961
6160
2981
7328
7997
6195
2101
6001
7574
9867
3784
1330
1078
2319
4658
9321
5878
2642
2551
5586
366
4045
4712
7196
8427
4621
2975
8194
2341
401
3789
7384
3046
991
3470
1412
6226
809
8093
9671
3713
5717
3015
90
2355
5648
9197
6479
6660
8751
2206
8802
7308
1499
5050
7436
4899
2257
7869
1326
7243
2850
5885
7782
8849
3852
2021
8575
3376
4494
2078
3007
3274
7363
8524
3651
6051
1403
3541
4588
3228
4117
3240
5122
6351
5313
2723
4217
4189
273
6009
2168
6684
9797
5772
6405
4090
8198
5273
7735
4308
8073
8950
1833
7438
2390
8668
8313
4218
304
9854
6352
4216
2976
5395
1493
361
9656
5521
2995
8765
2267
8700
4910
6606
8861
1989
6893
6335
2396
9282
2729
1430
1557
2379
5483
7512
4543
2946
8292
2755
5144
3068
8878
3204
2747
8315
4063
1886
4437
37
7795
5390
7824
2944
2500
7994
7845
9939
8913
1325
9391
8626
4002
7087
367
2982
51
1392
6507
9236
539
1922
134
7187
47
3300
9936
6915
6120
1792
7771
6083
717
7829
1550
4931
7718
3641
329
4425
782
3805
8856
8018
2796
8456
4056
9001
4144
2511
5190
3533
2052
9366
2748
4083
7396
4218
8550
9236
8533
413
951
3619
3937
2049
4603
6021
6736
7423
3768
4711
4597
855
1856
6418
7840
4936
7527
9469
7133
1299
9510
2186
9691
5630
8071
4794
9489
1860
1001
6809
2688
1188
5922
2174
4209
3930
8730
1233
5181
6058
88
2062
3863
7717
8003
3645
4538
8044
4756
9893
9904
9136
676
6631
2495
2176
5641
3325
9802
395
1516
7518
5931
6807
5244
2774
9865
9466
2797
231
6704
3379
8777
9798
3617
6131
5117
9487
6661
3802
5008
420
8113
4806
4968
631
6490
1900
8798
2947
3091
6839
2046
957
9506
7852
4572
2359
323
7471
1822
810
4040
7100
2488
5839
3056
5159
1381
5311
536
7638
1566
6517
7935
3454
9027
10
2012
2150
6530
4994
4276
8134
671
6296
8993
3940
7618
712
8079
4785
8511
4882
2575
8084
5128
7756
666
4520
2
8178
1732
1769
2943
2141
4319
8042
7632
4889
3514
246
7814
162
9815
732
2514
2640
7248
7366
3629
9884
3220
3978
7289
6963
6409
2111
2458
323
1845
417
6366
7452
4255
5101
6610
5413
1736
3299
3986
4424
1885
1494
8468
2310
1580
2670
3141
1889
9847
9243
7352
6111
417
3556
834
5157
6924
4142
5188
5557
9036
3868
7700
3911
2231
5618
5211
6794
7434
2184
2500
4043
9262
9704
491
4757
3236
8153
4478
4101
3018
8149
1509
4246
8432
666
9108
4648
3842
5092
4570
5277
4345
1534
5229
1360
4101
5276
5287
9758
7190
4834
4074
5179
6347
212
3915
9079
9117
4634
3212
5356
4087
1266
1766
4677
2117
6299
895
3681
8796
1094
497
6145
4676
9055
8830
739
9310
7395
8496
3963
3558
21
3881
7509
2218
5392
1143
6413
5604
2394
1704
8110
4411
8024
4203
2753
6921
2999
7830
2047
1390
5269
2099
7220
9356
6874
4199
6741
7491
6551
5332
931
6628
9109
1652
3690
6647
2675
3801
1252
4999
6621
1395
4065
4825
6245
5284
708
5884
5064
934
2077
7765
1991
833
3
260
8568
2500
6915
161
969
1349
2214
7270
2509
4456
6594
4911
5069
2082
7742
1906
1992
8713
9524
3575
781
4332
2085
9147
1254
9646
2121
1665
3654
6087
988
4437
1682
2528
3283
4908
7417
5878
74
2892
8632
1985
9047
5111
4176
6589
8488
2104
9749
3485
3255
6762
4661
8493
8657
5947
9995
3357
2537
7999
9944
3269
6712
9242
1055
5367
6449
2078
8596
3253
655
5690
5343
4339
6062
7979
5707
2685
5845
3929
7286
9842
6851
1276
2733
215
9857
9125
7084
5445
4179
8905
9604
4406
1300
9959
4651
1548
2211
3969
3034
6524
9657
3398
3923
2305
9577
9203
7500
7336
5722
2144
221
9629
7593
243
7805
7209
4694
2125
5893
9803
9378
2319
4699
1239
6516
9928
1891
706
674
6516
7480
3684
507
2545
5513
144
5693
4231
41
8456
3876
4323
6984
8310
3811
957
9288
4930
6184
8494
78
9879
5436
3033
7388
819
4315
3172
4481
3740
7858
3484
1794
6388
5037
4199
82
871
4406
5592
9480
6756
4717
9723
5890
3382
2744
5325
4338
1538
8269
3888
8778
205
607
6266
9189
3601
1886
9527
9742
7468
9810
3156
6340
1174
6656
2227
7869
4042
1847
2708
3145
87
2604
662
4724
5277
901
2804
1502
5377
5241
572
4327
428
2582
3723
2747
4043
9203
2266
6441
1789
9218
7522
1880
3181
6024
4043
3350
6034
5019
4209
7564
284
5639
6400
2818
775
6926
5839
6855
4939
3671
4421
2451
1851
9482
2162
6104
3697
9076
8226
3123
9341
4521
3969
1967
2374
9224
3860
1683
2828
9029
2749
8982
2519
1975
9509
5635
8909
6956
7805
2648
1339
6825
4424
4983
6457
3336
4458
9460
6811
9697
436
8936
7654
1519
9470
7833
2260
8440
8443
7670
5297
6828
2316
6375
7137
8608
4756
1843
9375
2481
3447
8447
3284
1596
4685
5058
8450
6076
3170
4448
8419
9692
3243
6965
3817
7485
7274
5788
1113
5126
5358
7210
6981
1447
8051
6975
4009
2678
476
2901
3439
709
1816
4778
4545
7921
8924
4824
8282
8016
6598
5899
4939
5666
9940
63
1627
7776
6097
7108
5694
5685
3731
1252
4380
731
8560
4277
9375
5268
2450
5137
7347
7427
1712
9265
3925
708
7479
5648
9192
8841
7358
6108
7268
2254
2892
9176
1253
4948
1806
431
7468
9636
7491
2254
9727
4577
731
8566
5190
7703
285
4325
8230
2360
9621
5280
7733
4259
6812
816
6233
1095
3438
1601
6379
4669
6165
4179
1392
361
1616
6646
1328
296
1128
3134
6281
4673
7044
9930
969
348
6287
2772
2517
7032
156
3080
4754
9197
1505
742
7810
6166
1765
2407
1417
3753
650
7202
3931
8294
774
6287
6816
7947
7944
8727
6103
6727
5391
3779
8133
3906
6838
8889
6838
5130
8996
3449
3715
1883
8766
673
9713
2771
4272
3822
293
3523
1690
8461
1097
2558
1749
9427
1842
5513
803
9743
341
5211
1385
8862
6856
3220
6276
9279
1436
5366
8324
3846
3264
6347
5428
893
1646
7944
6458
677
2778
1220
9211
4590
5123
5604
5924
8068
8907
6735
5385
9216
2015
594
3178
7784
5410
3569
3270
3315
6073
6833
4770
7042
4434
8708
7455
9425
6265
522
8457
4106
6104
9861
344
9469
404
134
7785
1037
3819
6840
5935
1463
1300
9078
8775
25
2009
9469
9697
217
8440
6871
9846
2265
5616
4098
1940
7244
709
7131
8597
814
3057
3284
4557
7554
8154
3216
1606
1375
6920
5720
3520
3538
3308
4835
5848
7456
9156
5968
2019
8634
5064
1429
2889
8843
30
6086
1609
5974
632
672
9472
4843
2570
3700
1275
9709
3565
2894
646
6233
6801
3604
6777
9189
8369
4742
4050
2359
492
2449
5159
8725
4715
7921
6498
2347
5695
8603
1821
8099
6739
1310
6498
1843
2823
1739
15
1533
5463
7295
8831
9259
6527
9231
5164
5310
4820
5620
9829
7941
135
8928
8882
6740
4318
593
4476
3229
7902
365
75
9662
3818
9957
8985
5835
6836
8999
3007
4193
8471
6248
4949
5499
2355
525
4716
899
4284
3969
3744
1356
4530
4850
6667
2096
7357
8382
2268
7972
4179
1797
8005
5477
2273
4257
3695
8482
566
3099
323
7754
7664
5388
9337
8781
4956
7767
6295
8508
9453
8203
279
9217
6795
392
7085
6960
4786
5277
9899
2727
1770
4456
5886
6829
2156
7078
911
855
3504
5223
7504
7006
5726
2773
3068
1614
3135
9272
6341
8207
4373
3389
158
5620
3565
258
7679
8330
8437
3179
7417
9457
7599
2957
9636
1681
9701
7495
3001
7701
1765
170
5688
9797
2612
7990
9647
7577
53
9558
124
4030
7227
8479
5157
2657
4338
9980
1338
2612
6924
7267
2827
4579
741
9393
318
7379
6362
4275
5479
4212
3691
8905
4235
7863
7703
3772
9195
6212
1947
27
7498
2935
5618
6052
5420
3433
3323
4717
5175
