558
869
118
227
257
631
75
19
146
650
381
162
900
790
778
470
700
33
113
855
318
359
506
595
91
285
991
217
803
434
158
371
927
1
200
143
243
869
288
242
585
448
391
337
357
986
499
657
496
252
691
618
773
986
662
856
670
445
117
561
578
719
913
390
755
200
957
583
261
769
632
114
139
794
967
841
167
994
868
652
868
596
446
562
879
975
911
546
392
141
544
651
154
39
973
608
418
583
368
707
321
781
176
193
391
75
722
805
280
256
320
386
356
893
568
651
492
286
116
346
243
329
536
984
619
532
869
293
828
684
64
326
687
278
785
868
891
883
2
462
938
88
390
870
355
531
766
237
753
771
751
593
409
459
360
555
292
330
454
266
886
49
870
689
747
809
557
315
430
909
240
255
358
234
970
457
202
674
426
477
574
47
966
850
166
4
259
593
14
741
782
789
196
75
586
529
121
590
522
691
557
105
544
192
648
676
809
355
505
724
23
5
377
616
903
733
28
242
674
538
709
686
238
705
16
100
27
358
33
254
579
590
354
79
556
453
995
696
270
388
727
42
780
848
86
241
267
987
147
279
721
276
180
386
916
825
474
747
304
13
917
846
692
740
450
757
546
249
82
185
339
12
21
910
584
598
366
564
141
811
950
333
910
616
163
289
254
562
17
512
367
443
289
75
329
952
297
278
760
923
773
198
872
572
310
748
142
826
110
980
53
429
43
256
123
27
628
263
906
825
128
605
785
760
854
804
157
324
689
155
22
312
32
770
108
822
624
579
394
756
178
762
294
924
350
318
836
614
331
26
879
151
278
42
785
531
877
803
985
689
530
670
576
349
107
974
416
682
677
748
176
183
390
425
487
304
512
232
591
354
615
829
911
97
136
986
538
318
791
745
953
313
859
536
195
925
952
226
307
253
706
883
129
637
763
357
402
833
532
433
724
574
466
395
98
874
26
337
695
478
67
447
978
851
117
794
519
987
906
850
685
80
552
114
859
811
998
685
24
604
669
607
332
685
807
102
777
239
637
572
173
203
325
378
443
540
668
968
660
903
617
886
351
663
990
540
353
222
224
401
871
363
587
468
502
163
57
415
655
626
980
837
190
814
697
395
142
656
572
471
49
64
223
148
763
221
318
940
634
131
982
731
562
589
744
790
785
777
928
576
188
543
594
289
554
309
445
749
473
210
602
255
535
741
776
535
35
706
183
744
677
717
469
759
632
814
46
678
915
75
480
531
213
200
8
684
196
151
823
325
877
899
516
714
732
191
918
590
194
63
670
246
566
491
26
299
602
200
737
106
787
115
421
122
825
404
445
218
959
316
192
144
532
306
580
840
620
16
810
310
686
743
633
69
910
968
873
14
294
364
543
685
676
443
659
516
508
692
784
623
631
585
382
108
297
353
333
627
393
766
307
206
131
467
276
884
500
582
106
793
401
454
73
701
718
328
103
894
518
724
763
501
232
90
310
997
902
995
613
718
554
798
388
611
325
239
987
374
221
859
929
371
303
475
461
385
626
240
717
383
508
913
444
917
555
106
843
718
394
178
824
317
271
380
826
241
498
609
424
449
215
835
147
199
132
862
262
449
667
586
821
240
410
321
912
242
944
96
908
798
823
34
459
336
969
51
122
4
818
181
844
712
291
723
906
568
95
305
598
857
887
687
639
289
566
789
241
244
336
5
865
135
190
330
867
801
181
224
679
61
145
383
689
177
584
834
678
982
37
826
553
859
583
13
107
602
106
332
698
423
544
801
111
994
639
175
277
503
647
44
227
131
37
474
416
234
471
746
505
779
257
105
819
265
24
662
920
439
579
771
203
610
796
274
955
253
895
962
69
905
662
495
502
56
3
809
582
861
726
721
487
1
582
52
589
978
431
91
837
427
832
623
35
801
519
78
721
901
962
575
289
293
676
755
173
610
12
353
177
97
937
375
518
521
679
634
709
768
194
101
229
997
141
238
789
253
375
22
121
785
62
834
426
178
140
804
15
553
242
439
208
749
164
599
280
409
621
951
66
302
351
65
886
70
591
190
590
819
550
617
867
607
827
198
430
954
607
278
342
948
91
787
529
368
850
724
480
561
710
560
237
424
308
409
62
989
704
908
544
546
284
871
533
170
744
717
979
796
81
578
678
715
426
762
926
456
983
942
337
563
541
49
386
679
814
348
783
703
320
571
450
510
666
329
670
878
845
225
7
816
612
226
687
443
93
888
449
934
506
976
327
820
320
867
405
97
184
864
396
207
729
240
756
910
661
370
172
479
649
801
